32,36
21,23
29,31
51,57
68,74
63,69
43,48
20,25
74,79
34,39
46,50
50,52
48,51
13,19
96,98
72,75
29,32
8,10
93,97
37,40
33,37
88,92
27,31
90,95
20,24
12,14
0,2
51,57
50,56
69,73
79,83
8,13
3,9
6,9
66,69
13,16
68,73
35,38
39,42
69,73
20,22
29,31
78,81
50,52
43,45
92,94
27,30
82,87
27,30
57,62
88,94
75,79
83,85
30,35
23,26
14,20
52,58
33,37
54,58
92,94
46,51
33,38
28,34
22,24
48,53
31,37
87,89
38,44
92,95
41,45
80,83
27,29
63,66
25,28
42,47
86,88
69,72
35,39
4,8
23,28
43,47
51,54
0,4
11,14
87,91
54,59
9,11
32,37
9,11
55,59
62,64
78,80
91,97
89,93
60,64
64,66
71,75
64,68
32,34
92,96
90,94
33,39
21,26
65,67
75,80
65,67
47,50
72,78
50,56
58,63
58,61
54,60
50,55
68,70
0,3
61,65
13,19
30,34
50,56
93,96
6,11
19,23
65,71
41,46
11,16
44,47
5,7
47,53
9,14
11,14
61,63
82,87
49,52
10,15
12,18
68,72
34,37
56,62
52,54
85,91
30,36
78,83
25,31
60,66
64,70
12,16
28,31
49,51
76,80
68,71
8,13
57,59
63,65
10,16
55,58
88,91
75,81
35,39
55,61
75,78
6,12
94,96
91,94
11,15
90,95
78,81
4,6
36,39
94,98
11,16
17,19
2,8
87,92
18,21
6,12
94,98
15,21
93,98
29,34
13,19
24,27
9,13
73,79
83,86
18,21
64,69
56,61
40,46
71,76
31,34
46,52
85,88
17,22
53,55
81,86
30,32
54,60
86,91
21,26
30,36
88,94
24,28
89,92
19,24
6,10
22,25
35,40
58,62
88,92
16,22
0,4
74,77
37,43
72,76
11,13
79,83
90,93
75,77
33,36
90,93
89,91
34,36
78,84
38,41
62,67
20,24
17,20
61,63
2,6
41,46
73,78
60,63
28,32
37,43
13,18
61,64
61,63
78,83
38,42
6,9
24,27
23,27
33,36
79,82
85,91
86,92
24,28
77,82
81,85
80,82
24,29
13,18
68,70
65,69
68,70
79,84
90,92
42,44
1,7
34,39
22,27
93,97
19,23
76,80
43,49
17,23
64,68
73,75
34,39
8,11
18,23
2,7
33,39
39,42
33,38
64,67
88,93
83,86
1,5
78,84
16,22
28,34
19,21
11,15
9,11
58,60
82,86
89,95
12,14
23,27
40,44
58,63
73,78
40,45
44,49
82,87
48,52
53,56
77,81
59,65
64,66
35,38
38,40
82,88
31,37
12,14
27,33
32,37
63,68
16,21
95,98
24,29
78,83
87,90
78,83
69,72
13,16
2,4
24,30
31,34
78,82
60,66
1,7
21,24
44,49
70,74
55,61
62,68
46,50
76,82
50,55
55,59
97,99
43,46
72,77
61,63
9,12
85,88
38,40
68,71
28,30
71,74
2,5
4,8
69,73
6,9
2,5
19,25
61,65
21,27
59,61
61,63
40,45
4,7
53,58
68,71
95,100
26,28
60,62
87,90
12,15
20,25
87,90
48,52
34,37
11,15
53,55
47,52
93,95
46,52
27,31
55,61
84,90
67,73
42,46
33,36
46,51
85,91
9,13
28,33
24,30
75,81
21,23
81,84
58,60
49,51
30,36
59,64
22,28
10,14
67,69
44,48
20,25
60,63
56,60
11,13
36,42
40,42
36,41
25,29
26,32
64,70
47,50
5,11
10,12
47,50
41,43
25,29
11,16
15,18
6,9
45,47
70,76
34,36
14,20
60,63
52,58
87,92
78,84
44,46
17,19
47,52
71,75
82,87
65,68
49,54
16,18
85,88
96,98
78,80
21,24
40,45
53,57
80,84
91,94
32,37
56,61
23,28
8,10
64,66
20,23
15,19
80,83
88,94
50,56
77,81
36,38
70,72
32,35
13,19
26,31
31,36
85,90
85,91
53,59
66,68
61,67
11,15
58,61
71,77
50,54
62,64
72,76
72,76
40,43
22,27
27,30
75,79
27,30
50,56
51,56
29,31
56,58
16,19
14,17
4,9
94,96
29,31
78,80
62,67
31,37
10,14
23,25
19,25
38,43
86,88
90,94
34,39
61,65
17,19
0,3
68,71
31,33
39,43
2,8
86,92
70,75
30,33
29,35
31,35
13,15
35,38
35,37
87,92
36,39
30,34
8,12
73,79
38,44
67,73
29,32
30,33
23,29
7,12
85,90
30,35
6,11
22,27
15,17
39,45
70,73
10,14
31,33
25,31
5,9
48,53
58,64
62,65
50,53
18,24
79,82
24,30
8,14
84,87
59,63
65,68
7,13
24,28
20,22
59,64
0,5
94,99
0,4
20,24
83,85
67,69
32,38
17,23
65,71
12,18
80,83
68,71
77,80
89,92
95,97
65,70
17,20
56,62
31,36
21,25
17,23
39,44
63,68
86,92
30,36
9,14
84,90
31,37
79,85
19,24
22,25
59,61
32,34
30,35
50,52
32,34
81,86
32,34
93,95
79,82
84,90
13,15
75,81
29,32
83,89
61,65
71,77
22,27
38,41
59,62
0,3
35,39
78,80
93,97
4,7
89,95
49,52
45,49
54,57
10,14
11,17
79,82
47,50
42,46
66,68
30,32
9,14
59,63
42,47
5,7
71,74
68,74
25,27
81,85
11,17
33,38
76,80
23,28
2,7
82,84
39,45
67,73
11,13
59,61
10,12
53,55
61,65
0,3
56,58
70,75
19,23
9,15
47,49
53,59
35,37
82,86
82,85
7,10
9,13
56,62
24,30
36,40
77,82
60,64
59,63
26,30
49,54
87,89
3,5
69,71
31,36
51,56
23,27
7,13
54,60
54,56
89,94
42,48
11,13
92,96
54,58
49,52
84,86
47,52
69,73
31,35
67,71
20,26
92,96
57,60
25,30
58,61
8,12
4,8
54,58
22,24
55,58
58,60
57,60
16,19
30,34
13,15
58,63
31,33
33,38
19,24
78,84
83,88
70,72
41,47
4,7
32,34
85,89
98,100
82,84
39,41
75,81
23,25
65,69
16,21
13,18
21,25
8,12
12,14
92,94
56,59
15,21
57,59
83,88
90,93
92,96
95,99
56,62
63,67
89,91
8,11
72,74
85,89
59,63
78,82
37,40
26,29
42,47
41,45
70,72
49,52
44,47
54,57
38,44
51,55
60,62
13,19
60,62
10,15
10,16
41,46
70,72
61,67
32,36
84,88
83,86
45,47
92,97
96,100
92,94
59,65
81,85
64,69
47,52
34,39
22,24
44,48
89,91
10,16
82,88
50,55
60,65
29,33
67,73
82,88
40,46
0,3
16,20
71,73
59,64
14,17
29,34
27,29
57,63
84,87
64,69
82,84
36,40
4,8
93,99
66,69
11,13
4,7
11,17
9,15
58,63
22,24
69,73
59,61
30,34
47,53
27,31
33,38
58,62
32,38
87,91
80,83
72,74
25,29
85,89
31,36
61,65
50,54
38,41
14,19
68,73
49,54
61,64
26,28
12,17
1,7
70,72
47,49
37,40
44,47
76,81
42,48
28,33
52,57
62,64
55,60
66,69
42,47
78,83
21,24
75,79
75,80
56,60
73,78
27,31
30,32
40,43
77,81
82,85
17,23
61,66
64,69
62,67
76,79
86,90
23,27
50,52
21,26
73,77
43,45
61,64
91,94
59,64
70,72
87,93
14,16
32,37
11,14
81,83
41,47
6,8
3,7
74,76
38,44
22,24
60,65
30,32
73,77
73,75
76,79
23,25
59,65
51,53
34,40
8,10
83,86
85,91
1,4
15,21
84,89
4,8
89,93
79,84
74,78
2,4
25,30
63,69
48,52
86,92
81,85
84,86
82,88
15,17
96,99
0,5
49,54
78,80
35,39
7,13
42,47
73,76
12,15
51,56
6,11
55,61
39,45
50,56
45,49
43,49
67,72
82,84
5,9
65,67
81,87
96,99
37,40
82,87
16,21
47,51
33,35
52,54
15,17
97,99
47,50
81,87
56,59
48,52
75,78
64,69
60,62
30,33
3,6
23,29
48,53
85,89
56,62
57,62
19,22
19,24
56,61
94,99
95,99
62,67
77,82
55,60
22,27
48,50
71,75
25,31
92,95
33,36
82,88
42,46
14,16
85,91
23,29
98,100
39,45
32,36
26,31
88,94
38,43
5,11
44,50
67,73
56,58
48,50
50,56
56,58
8,12
26,32
53,56
36,40
3,6
25,29
48,51
61,63
31,37
62,68
10,13
80,83
2,4
50,54
45,47
4,8
56,59
38,41
80,82
48,51
49,51
95,100
73,77
94,100
85,91
88,91
9,13
34,39
64,69
45,50
62,67
18,21
33,35
0,5
23,28
21,27
41,43
64,70
6,8
96,100
92,96